1001,9781234567890,2
1002,9781234567890,2
1003,9781234567890,2
1004,9781234567890,2
1005,9781234567890,2
1006,9781234567890,2
1007,9781234567890,2
1008,9781234567890,2
1009,9780987654321,2
1010,9780987654321,2
1011,9780987654321,2
1012,9780987654321,2
1013,9780987654321,2
1014,9780987654321,2
1015,9789876543210,2
1016,9789876543210,2
1017,9789876543210,2
1018,9789876543210,2
1019,9789876543210,2
1020,9789876543210,2
1021,9789876543210,2
1022,9789876543210,2
1023,9789876543210,2
1024,9780123456789,2
1025,9780123456789,2
1026,9780123456789,2
1027,9780123456789,2
1028,9780123456789,2
1029,9780123456789,2
1030,9780123456789,2
1031,9785678901234,2
1032,9785678901234,2
1033,9785678901234,2
1034,9785678901234,2
1035,9785678901234,2
1036,9785432109876,2
1037,9785432109876,2
1038,9785432109876,2
1039,9785432109876,2
1040,9785432109876,2
1041,9785432109876,2
1042,9785432109876,2
1043,9785432109876,2
1044,9785432109876,2
1045,9785432109876,2
1046,9786789012345,2
1047,9786789012345,2
1048,9786789012345,2
1049,9786789012345,2
1050,9786789012345,2
1051,9786789012345,2
1052,9786789012345,2
1053,9786789012345,2
1054,9784567890123,2
1055,9784567890123,2
1056,9784567890123,2
1057,9784567890123,2
1058,9784567890123,2
1059,9784567890123,2
1060,9783210987654,2
1061,9783210987654,2
1062,9783210987654,2
1063,9783210987654,2
1064,9783210987654,2
1065,9783210987654,2
1066,9783210987654,2
1067,9782109876543,2
1068,9782109876543,2
1069,9782109876543,2
1070,9782109876543,2
1071,9782109876543,2
1072,9782109876543,2
1073,9782109876543,2
1074,9782109876543,2
1075,9782109876543,2